[gd_scene load_steps=2 format=3 uid="uid://blto6n3ra6a46"]

[ext_resource type="Texture2D" uid="uid://dqskvmwkk5d1c" path="res://Assets/images/card/card_frame_back.jpg" id="1_2lv6d"]

[node name="Library" type="Node3D"]

[node name="Sprite3D" type="Sprite3D" parent="."]
transform = Transform3D(1, 0, 0, 0, -0.00148349, 0.999999, 0, -0.999999, -0.00148349, 0, 0, 0)
texture = ExtResource("1_2lv6d")

[node name="Sprite3D2" type="Sprite3D" parent="."]
transform = Transform3D(0.999386, -0.035039, -5.19799e-05, 0, -0.00148349, 0.999999, -0.035039, -0.999385, -0.00148257, 0, 0.117756, 0)
texture = ExtResource("1_2lv6d")

[node name="Sprite3D3" type="Sprite3D" parent="."]
transform = Transform3D(0.997423, -0.0717411, -0.000106427, 3.09662e-11, -0.00148349, 0.999999, -0.0717411, -0.997422, -0.00147966, 0, 0.224558, 0)
texture = ExtResource("1_2lv6d")

[node name="Sprite3D4" type="Sprite3D" parent="."]
transform = Transform3D(0.995229, -0.0975654, -0.000144737, 0, -0.00148349, 0.999999, -0.0975655, -0.995228, -0.00147641, 0, 0.317707, 0)
texture = ExtResource("1_2lv6d")

[node name="Sprite3D5" type="Sprite3D" parent="."]
transform = Transform3D(0.992559, -0.121765, -0.000180637, -1.44825e-11, -0.00148349, 0.999999, -0.121765, -0.992558, -0.00147245, 0, 0.401711, 0)
texture = ExtResource("1_2lv6d")

[node name="Sprite3D6" type="Sprite3D" parent="."]
transform = Transform3D(0.993495, -0.113879, -0.000168939, -1.44825e-11, -0.00148349, 0.999999, -0.113879, -0.993494, -0.00147383, 0, 0.492823, 0)
texture = ExtResource("1_2lv6d")

[node name="Sprite3D7" type="Sprite3D" parent="."]
transform = Transform3D(0.994438, -0.105327, -0.000156251, -1.44825e-11, -0.00148349, 0.999999, -0.105327, -0.994437, -0.00147523, 0, 0.572132, 0)
texture = ExtResource("1_2lv6d")

[node name="Sprite3D8" type="Sprite3D" parent="."]
transform = Transform3D(0.995324, -0.0965927, -0.000143294, -2.17435e-11, -0.00148349, 0.999999, -0.0965928, -0.995323, -0.00147655, 0, 0.678025, 0)
texture = ExtResource("1_2lv6d")

[node name="Sprite3D9" type="Sprite3D" parent="."]
transform = Transform3D(0.997063, -0.0765797, -0.000113605, -1.44825e-11, -0.00148349, 0.999999, -0.0765798, -0.997062, -0.00147913, 0, 0.763352, 0)
texture = ExtResource("1_2lv6d")

[node name="Sprite3D10" type="Sprite3D" parent="."]
transform = Transform3D(0.998799, -0.0489892, -7.26748e-05, -1.44825e-11, -0.00148349, 0.999999, -0.0489892, -0.998798, -0.0014817, 0, 0.823276, 0)
texture = ExtResource("1_2lv6d")
